1337331205000 105.969
1337331265000 110.503
1337331325000 106.496
1337331385000 111.730
1337331445000 111.778
1337331505000 110.895
1337331565000 113.011
1337331625000 112.926
1337331685000 104.978
1337331745000 110.711
1337331805000 105.259
1337331865000 106.193
1337331925000 106.146
1337331985000 105.102
1337332045000 107.079
1337332105000 105.203
1337332165000 110.922
1337332225000 105.042
1337332285000 111.310
1337332345000 105.506
1337332405000 109.450
1337332465000 106.879
1337332525000 110.430
1337332585000 105.166
1337332645000 105.510
1337332705000 105.234
1337332765000 111.311
1337332825000 109.742
1337332885000 105.382
1337332945000 105.560
1337333005000 110.032
1337333065000 111.956
1337333125000 105.498
1337333185000 105.005
1337333245000 110.123
1337333305000 109.056
1337333365000 105.684
1337333425000 114.474
1337333485000 110.806
1337333545000 111.265
1337333605000 104.948
1337333665000 110.282
1337333725000 105.256
1337333785000 131.853
1337333845000 111.050
1337333905000 114.475
1337333965000 110.120
1337334025000 110.148
1337334085000 110.240
1337334145000 109.178
1337334205000 105.487
1337334265000 106.022
1337334325000 111.659
1337334385000 108.866
1337334445000 112.190
1337334505000 111.774
1337334565000 110.583
1337334625000 105.789
1337334685000 110.578
1337334745000 109.152
1337334805000 113.224
1337334865000 110.584
1337334925000 107.431
1337334985000 111.753
1337335045000 105.698
1337335105000 106.864
1337335165000 109.190
1337335225000 107.525
1337335285000 109.116
1337335345000 110.399
1337335405000 106.062
1337335465000 110.185
1337335525000 108.504
1337335585000 111.042
1337335645000 110.720
1337335705000 108.903
1337335765000 108.922
1337335825000 110.732
1337335885000 105.112
1337335945000 110.845
1337336005000 109.296
1337336065000 104.968
1337336125000 108.210
1337336185000 105.947
1337336245000 110.586
1337336305000 105.091
1337336365000 110.249
1337336425000 109.976
1337336485000 105.069
1337336545000 109.030
1337336605000 110.592
1337336665000 111.027
1337336725000 110.813
1337336785000 110.254
1337336845000 105.831
1337336905000 110.796
1337336965000 105.289
1337337025000 105.184
1337337085000 105.790
1337337145000 110.769
1337337205000 104.893
1337337265000 106.507
1337337325000 106.190
1337337385000 109.488
1337337445000 110.699
1337337505000 105.109
1337337565000 105.057
1337337625000 110.742
1337337685000 106.209
1337337745000 105.736
1337337805000 105.085
1337337865000 109.946
1337337925000 110.967
1337337985000 109.156
1337338045000 111.251
1337338105000 105.880
1337338165000 110.783
1337338225000 111.518
1337338285000 109.437
1337338345000 109.999
1337338405000 106.046
1337338465000 110.710
1337338525000 110.234
1337338585000 105.172
1337338645000 107.348
1337338705000 112.926
1337338765000 106.841
1337338825000 108.754
1337338885000 116.115
1337338945000 105.228
1337339005000 106.371
1337339065000 110.555
1337339125000 105.389
1337339185000 106.505
1337339245000 105.270
1337339305000 110.703
1337339365000 105.251
1337339425000 105.207
1337339485000 105.286
1337339545000 110.360
1337339605000 112.003
1337339665000 113.324
1337339725000 105.469
1337339785000 104.987
1337339845000 111.178
1337339905000 111.700
1337339965000 109.030
1337340025000 106.022
1337340085000 110.586
1337340145000 110.203
1337340205000 105.190
1337340265000 105.933
1337340325000 112.061
1337340385000 105.156
1337340445000 110.869
1337340505000 105.180
1337340565000 105.166
1337340625000 111.440
1337340685000 107.086
1337340745000 110.100
1337340805000 110.433
1337340865000 108.807
1337340925000 105.614
1337340985000 105.591
1337341045000 105.131
1337341105000 106.182
1337341165000 105.814
1337341225000 108.909
1337341285000 110.607
1337341345000 105.630
1337341405000 105.916
1337341465000 111.642
1337341525000 110.751
1337341585000 104.987
1337341645000 104.943
1337341705000 108.852
1337341765000 104.986
1337341825000 108.265
1337341885000 111.387
1337341945000 111.832
1337342005000 113.542
1337342065000 105.575
1337342125000 111.109
1337342185000 105.626
1337342245000 113.632
1337342305000 105.583
1337342365000 105.809
1337342425000 113.838
1337342485000 111.440
1337342545000 113.540
1337342605000 104.996
1337342665000 110.989
1337342725000 105.080
1337342785000 116.500
1337342845000 109.001
1337342905000 109.295
1337342965000 109.434
1337343025000 106.296
1337343085000 112.730
1337343145000 110.223
1337343205000 109.258
1337343265000 107.145
1337343325000 110.422
1337343385000 105.040
1337343445000 105.230
1337343505000 110.836
1337343565000 111.585
1337343625000 106.919
1337343685000 114.241
1337343745000 105.060
1337343805000 108.874
1337343865000 105.070
1337343925000 116.158
1337343985000 105.124
1337344045000 105.924
1337344105000 110.688
1337344165000 110.776
1337344225000 106.963
1337344285000 110.732
1337344345000 107.375
1337344405000 111.991
1337344465000 117.995
1337344525000 105.577
1337344585000 111.508
1337344645000 105.880
1337344705000 107.121
1337344765000 105.887
1337344825000 111.634
1337344885000 105.200
1337344945000 109.024
1337345005000 110.804
1337345065000 110.603
1337345125000 108.467
1337345185000 105.126
1337345245000 111.046
1337345305000 108.134
1337345365000 113.113
1337345425000 113.139
1337345485000 105.442
1337345545000 112.927
1337345605000 110.127
1337345665000 106.763
1337345725000 107.226
1337345785000 112.856
1337345845000 107.008
1337345905000 114.457
1337345965000 111.101
1337346025000 110.510
1337346085000 108.923
1337346145000 104.984
1337346205000 109.021
1337346265000 105.208
1337346325000 107.751
1337346385000 108.822
1337346445000 105.165
1337346505000 112.906
1337346565000 110.573
1337346625000 111.105
1337346685000 105.215
1337346745000 106.617
1337346805000 105.963
1337346865000 105.335
1337346925000 105.270
1337346985000 105.726
1337347045000 111.786
1337347105000 109.161
1337347165000 111.144
1337347225000 105.948
1337347285000 109.280
1337347345000 112.705
1337347405000 112.981
1337347465000 114.032
1337347525000 112.357
1337347585000 113.021
1337347645000 105.212
1337347705000 105.389
1337347765000 110.646
1337347825000 111.041
1337347885000 108.063
1337347945000 105.339
1337348005000 106.082
1337348065000 111.216
1337348125000 116.479
1337348185000 111.832
1337348245000 109.916
1337348305000 111.150
1337348365000 105.111
1337348425000 105.299
1337348485000 110.702
1337348545000 105.832
1337348605000 106.172
1337348665000 110.989
1337348725000 112.720
1337348785000 108.529
1337348845000 105.344
1337348905000 110.975
1337348965000 111.674
1337349025000 106.375
1337349085000 110.789
1337349145000 105.154
1337349205000 111.678
1337349265000 107.048
1337349325000 109.188
1337349385000 111.009
1337349445000 105.307
1337349505000 104.911
1337349565000 111.033
1337349625000 105.323
1337349685000 107.164
1337349745000 110.370
1337349805000 112.423
1337349865000 105.081
1337349925000 114.076
1337349985000 110.549
1337350045000 106.339
1337350105000 111.476
1337350165000 107.389
1337350225000 119.478
1337350285000 105.616
1337350345000 111.381
1337350405000 114.604
1337350465000 111.020
1337350525000 110.790
1337350585000 106.078
1337350645000 111.160
1337350705000 115.056
1337350765000 114.586
1337350825000 110.561
1337350885000 107.071
1337350945000 110.793
1337351005000 112.626
1337351065000 112.556
1337351125000 114.813
1337351185000 108.267
1337351245000 106.918
1337351305000 111.870
1337351365000 107.394
1337351425000 112.900
1337351485000 110.786
1337351545000 111.439
1337351605000 106.691
1337351665000 109.093
1337351725000 105.542
1337351785000 111.516
1337351845000 105.230
1337351905000 105.462
1337351965000 110.991
1337352025000 105.102
1337352085000 110.251
1337352145000 118.712
1337352205000 105.810
1337352265000 114.343
1337352325000 105.850
1337352385000 110.409
1337352445000 108.988
1337352505000 106.363
1337352565000 110.859
1337352625000 105.610
1337352685000 108.086
1337352745000 108.488
1337352805000 111.078
1337352865000 105.605
1337352925000 105.303
1337352985000 108.935
1337353045000 111.951
1337353105000 106.359
1337353165000 105.146
1337353225000 110.219
1337353285000 109.419
1337353345000 106.337
1337353405000 111.965
1337353465000 105.037
1337353525000 107.899
1337353585000 105.100
1337353645000 109.338
1337353705000 111.994
1337353765000 111.096
1337353825000 105.099
1337353885000 105.042
1337353945000 107.082
1337354005000 105.981
1337354065000 108.118
1337354125000 113.000
1337354185000 105.244
1337354245000 110.903
1337354305000 108.792
1337354365000 114.160
1337354425000 107.149
1337354485000 109.640
1337354545000 105.108
1337354605000 108.932
1337354665000 110.940
1337354725000 108.712
1337354785000 113.599
1337354845000 108.066
1337354905000 109.052
1337354965000 104.988
1337355025000 106.990
1337355085000 111.032
1337355145000 113.852
1337355205000 104.943
1337355265000 106.443
1337355325000 112.009
1337355385000 105.047
1337355445000 110.690
1337355505000 112.805
1337355565000 112.291
1337355625000 108.746
1337355685000 109.328
1337355745000 110.656
1337355805000 112.277
1337355865000 105.988
1337355925000 111.038
1337355985000 110.799
1337356045000 110.906
1337356105000 106.663
1337356165000 110.854
1337356225000 110.251
1337356285000 106.975
1337356345000 112.996
1337356405000 105.089
1337356465000 105.006
1337356525000 111.604
1337356585000 111.121
1337356645000 111.053
1337356705000 107.360
1337356765000 105.087
1337356825000 105.265
1337356885000 107.082
1337356945000 104.892
1337357005000 111.656
1337357065000 105.535
1337357125000 108.863
1337357185000 105.232
1337357245000 111.333
1337357305000 104.828
1337357365000 105.248
1337357425000 106.478
1337357485000 113.856
1337357545000 105.050
1337357605000 110.991
1337357665000 106.395
1337357725000 110.281
1337357785000 110.016
1337357845000 106.815
1337357905000 110.249
1337357965000 108.001
1337358025000 104.987
1337358085000 105.637
1337358145000 104.931
1337358205000 111.131
1337358265000 107.217
1337358325000 108.444
1337358385000 106.350
1337358445000 110.155
1337358505000 105.047
1337358565000 113.954
1337358625000 104.957
1337358685000 110.999
1337358745000 112.459
1337358805000 112.221
1337358865000 106.968
1337358925000 112.489
1337358985000 110.633
1337359045000 107.299
1337359105000 112.007
1337359165000 106.589
1337359225000 104.909
1337359285000 106.421
1337359345000 105.241
1337359405000 109.148
1337359465000 106.166
1337359525000 112.552
1337359585000 110.857
1337359645000 110.757
1337359705000 105.667
1337359765000 113.079
1337359825000 111.959
1337359885000 112.872
1337359945000 105.168
1337360005000 110.734
1337360065000 107.766
1337360125000 107.071
1337360185000 107.298
1337360245000 111.875
1337360305000 110.758
1337360365000 107.735
1337360425000 110.734
1337360485000 109.244
1337360545000 108.591
1337360605000 105.116
1337360665000 113.189
1337360725000 112.024
1337360785000 107.991
1337360845000 106.593
1337360905000 105.215
1337360965000 105.664
1337361025000 106.076
1337361085000 106.190
1337361145000 110.486
1337361205000 105.785
1337361265000 111.320
1337361325000 110.665
1337361385000 109.889
1337361445000 110.943
1337361505000 113.845
1337361565000 106.039
1337361625000 109.061
1337361685000 113.675
1337361745000 105.976
1337361805000 119.608
1337361865000 112.542
1337361925000 112.408
1337361985000 109.396
1337362045000 105.017
1337362105000 105.173
1337362165000 112.732
1337362225000 105.691
1337362285000 104.996
1337362345000 107.644
1337362405000 109.986
1337362465000 106.136
1337362525000 112.996
1337362585000 105.107
1337362645000 116.203
1337362705000 112.662
1337362765000 112.819
1337362825000 110.214
1337362885000 105.133
1337362945000 110.055
1337363005000 110.867
1337363065000 106.545
1337363125000 107.487
1337363185000 107.688
1337363245000 114.694
1337363305000 105.383
1337363365000 111.417
1337363425000 112.552
1337363485000 105.380
1337363545000 110.713
1337363605000 105.902
1337363665000 110.626
1337363725000 111.409
1337363785000 104.988
1337363845000 111.426
1337363905000 105.095
1337363965000 110.590
1337364025000 111.230
1337364085000 113.246
1337364145000 112.729
1337364205000 116.934
1337364265000 105.131
1337364325000 108.861
1337364385000 108.788
1337364445000 111.893
1337364505000 111.956
1337364565000 112.790
1337364625000 111.111
1337364685000 106.482
1337364745000 105.955
1337364805000 111.597
1337364865000 105.368
1337364925000 118.477
1337364985000 110.793
1337365045000 126.848
1337365105000 112.206
1337365165000 109.650
1337365225000 109.352
1337365285000 106.038
1337365345000 106.571
1337365405000 112.288
1337365465000 105.501
1337365525000 105.906
1337365585000 110.772
1337365645000 104.938
1337365705000 107.507
1337365765000 120.200
1337365825000 106.561
1337365885000 108.976
1337365945000 105.732
1337366005000 110.543
1337366065000 105.026
1337366125000 105.205
1337366185000 105.808
1337366245000 106.346
1337366305000 110.521
1337366365000 110.691
1337366425000 112.714
1337366485000 110.249
1337366545000 114.980
1337366605000 110.991
1337366665000 106.725
1337366725000 105.019
1337366785000 105.598
1337366845000 107.848
1337366905000 106.022
1337366965000 105.078
1337367025000 106.001
1337367085000 111.621
1337367145000 105.635
1337367205000 105.706
1337334737000 111.981
1337334738000 107.107
1337334739000 110.476
