1337331726035 1
1337331728038 2
1337331730040 3
1337331731040 4
1337331793247 1
1337331794248 2
1337331797251 3
1337331798252 4
1337331799253 5
1337331801255 6
1337331803258 7
1337331805261 8
1337331808265 9
1337331809266 10
1337331811268 11
1337331817275 12
1337331821281 13
1337331825285 14
1337331827287 15
1337331831291 16
1337331832292 17
1337331834295 18
1337331835295 19
1337331837297 20
1337331840300 21
1337331841301 22
1337331843303 23
1337331844304 24
1337331848311 25
1337331851313 26
1337331853315 27
1337331855317 28
1337331856318 29
1337331859321 30
1337331860323 31
1337331861324 32
1337331864326 33
1337331866328 34
1337331868331 35
1337331870333 36
1337331872336 37
1337331874338 38
1337331876340 39
1337331879344 40
1337331880345 41
1337331881347 42
1337331882348 43
1337331883349 44
1337331885354 45
1337331887356 46
1337331888357 47
1337331889358 48
1337331891361 49
1337331896367 50
1337331897369 51
1337331899371 52
1337331900372 53
1337331901374 54
1337331904376 55
1337331905377 56
1337331906378 57
1337331907378 58
1337331918589 1
1337331919590 2
1337331920591 3
1337331921593 4
1337331927599 5
1337331931606 6
1337331932606 7
1337331934608 8
1337331937611 9
1337331940615 10
1337331942628 11
1337331946633 12
1337331948636 13
1337331951640 14
1337331952648 15
1337331953649 16
1337331954651 17
1337331955652 18
1337331956653 19
1337331957654 20
1337331962675 21
1337331963676 22
1337331964677 23
1337331965678 24
1337331966679 25
1337331970684 26
1337331972687 27
1337331973688 28
1337331974689 29
1337331975690 30
1337331976691 31
1337331977692 32
1337331978693 33
1337331980696 34
1337331981697 35
1337331982698 36
1337331985701 37
1337331986702 38
1337331987704 39
1337331988704 40
1337331989706 41
1337331990706 42
1337331992708 43
1337331993709 44
1337331997714 45
1337331998715 46
1337331999716 47
1337332000717 48
1337332001718 49
1337332006723 50
1337332009726 51
1337332010727 52
1337332012730 53
1337332013731 54
1337332015733 55
1337332017736 56
1337332021741 57
1337332022742 58
1337332028748 59
1337332029749 60
1337332030750 61
1337332031751 62
1337332032753 63
1337332036758 64
1337332037758 65
1337332043909 1
1337332045910 2
1337332048913 3
1337332049914 4
1337332050915 5
1337332052917 6
1337332053917 7
1337332054922 8
1337332056925 9
1337332058927 10
1337332061930 11
1337332066935 12
1337332068936 13
1337332069937 14
1337332070939 15
1337332071940 16
1337332073942 17
1337332074944 18
1337332076946 19
1337332078949 20
1337332080951 21
1337332083954 22
1337332085956 23
1337332086957 24
1337332087958 25
1337332088959 26
1337332089959 27
1337332090960 28
1337332091961 29
1337332094965 30
1337332095966 31
1337332096966 32
1337332101971 33
1337332102973 34
1337332105975 35
1337332108979 36
1337332110982 37
1337332112984 38
1337332114986 39
1337332116988 40
1337332118990 41
1337332119992 42
1337332121994 43
1337332122995 44
1337332130003 45
1337332131004 46
1337332138013 47
1337332140016 48
1337332141017 49
1337332142018 50
1337332144021 51
1337332147024 52
1337332148025 53
1337332151028 54
1337332152028 55
1337332153029 56
1337332154030 57
1337332155031 58
1337332158035 59
1337332160037 60
1337332161038 61
1337332162039 62
1337332163040 63
1337332169196 1
1337332171199 2
1337332174202 3
1337332176204 4
1337332177205 5
1337332178205 6
1337332179207 7
1337332180211 8
1337332182213 9
1337332183214 10
1337332185217 11
1337332188220 12
1337332190222 13
1337332191223 14
1337332192224 15
1337332193225 16
1337332194226 17
1337332195228 18
1337332197230 19
1337332199232 20
1337332204238 21
1337332205239 22
1337332207240 23
1337332209242 24
1337332211244 25
1337332212245 26
1337332214247 27
1337332217251 28
1337332218251 29
1337332221255 30
1337332222256 31
1337332224258 32
1337332228262 33
1337332229263 34
1337332230264 35
1337332231265 36
1337332232266 37
1337332235269 38
1337332240274 39
1337332242277 40
1337332244278 41
1337332249283 42
1337332250284 43
1337332251286 44
1337332256292 45
1337332257292 46
1337332258293 47
1337332259294 48
1337332261296 49
1337332262298 50
1337332263299 51
1337332264300 52
1337332265301 53
1337332268304 54
1337332269305 55
1337332270306 56
1337332272308 57
1337332275313 58
1337332276314 59
1337332278316 60
1337332279317 61
1337332281320 62
1337332282320 63
1337332286324 64
1337332287325 65
1337332288326 66
