1337331205000 2.642
1337331265000 6.688
1337331325000 2.550
1337331385000 2.862
1337331445000 8.121
1337331505000 2.883
1337331565000 3.540
1337331625000 4.266
1337331685000 2.909
1337331745000 2.468
1337331805000 2.753
1337331865000 2.560
1337331925000 2.320
1337331985000 3.830
1337332045000 2.651
1337332105000 2.908
1337332165000 3.767
1337332225000 3.502
1337332285000 6.006
1337332345000 3.683
1337332405000 2.664
1337332465000 7.170
1337332525000 2.493
1337332585000 4.226
1337332645000 2.541
1337332705000 4.036
1337332765000 2.614
1337332825000 3.291
1337332885000 2.848
1337332945000 3.749
1337333005000 3.701
1337333065000 11.817
1337333125000 2.426
1337333185000 6.809
1337333245000 2.732
1337333305000 2.904
1337333365000 2.562
1337333425000 3.225
1337333485000 3.490
1337333545000 2.604
1337333605000 2.533
1337333665000 4.312
1337333725000 3.829
1337333785000 4.276
1337333845000 3.241
1337333905000 2.606
1337333965000 2.929
1337334025000 3.474
1337334085000 4.525
1337334145000 3.701
1337334205000 2.664
1337334265000 2.662
1337334325000 2.704
1337334385000 4.821
1337334445000 2.764
1337334505000 2.569
1337334565000 2.616
1337334625000 2.597
1337334685000 3.571
1337334745000 2.802
1337334805000 5.235
1337334865000 2.614
1337334925000 3.978
1337334985000 3.155
1337335045000 2.523
1337335105000 5.008
1337335165000 3.825
1337335225000 4.497
1337335285000 3.765
1337335345000 5.312
1337335405000 3.238
1337335465000 3.270
1337335525000 4.871
1337335585000 2.790
1337335645000 2.694
1337335705000 2.697
1337335765000 2.601
1337335825000 3.803
1337335885000 2.455
1337335945000 2.889
1337336005000 3.024
1337336065000 2.512
1337336125000 2.811
1337336185000 3.413
1337336245000 3.148
1337336305000 2.883
1337336365000 3.050
1337336425000 3.476
1337336485000 3.184
1337336545000 2.473
1337336605000 2.438
1337336665000 2.957
1337336725000 2.739
1337336785000 3.346
1337336845000 5.220
1337336905000 4.958
1337336965000 2.556
1337337025000 2.702
1337337085000 2.379
1337337145000 2.603
1337337205000 2.648
1337337265000 2.793
1337337325000 2.503
1337337385000 2.957
1337337445000 2.464
1337337505000 3.925
1337337565000 2.776
1337337625000 2.448
1337337685000 3.638
1337337745000 2.413
1337337805000 2.619
1337337865000 2.627
1337337925000 2.807
1337337985000 2.712
1337338045000 2.831
1337338105000 2.437
1337338165000 2.467
1337338225000 7.012
1337338285000 7.095
1337338345000 2.431
1337338405000 4.320
1337338465000 2.345
1337338525000 4.180
1337338585000 2.476
1337338645000 4.357
1337338705000 2.758
1337338765000 3.104
1337338825000 4.213
1337338885000 2.828
1337338945000 5.359
1337339005000 3.880
1337339065000 7.002
1337339125000 2.411
1337339185000 2.742
1337339245000 3.153
1337339305000 2.678
1337339365000 2.691
1337339425000 2.773
1337339485000 3.431
1337339545000 2.395
1337339605000 2.552
1337339665000 2.619
1337339725000 2.692
1337339785000 20.814
1337339845000 2.837
1337339905000 2.691
1337339965000 3.042
1337340025000 5.711
1337340085000 3.072
1337340145000 2.713
1337340205000 2.667
1337340265000 2.333
1337340325000 3.485
1337340385000 3.536
1337340445000 3.208
1337340505000 3.899
1337340565000 5.798
1337340625000 3.139
1337340685000 5.387
1337340745000 2.566
1337340805000 3.098
1337340865000 2.869
1337340925000 2.426
1337340985000 2.944
1337341045000 4.447
1337341105000 2.493
1337341165000 2.660
1337341225000 2.705
1337341285000 3.404
1337341345000 2.823
1337341405000 3.529
1337341465000 2.565
1337341525000 3.686
1337341585000 2.839
1337341645000 2.546
1337341705000 2.488
1337341765000 5.495
1337341825000 2.550
1337341885000 2.719
1337341945000 3.137
1337342005000 3.018
1337342065000 3.399
1337342125000 3.762
1337342185000 2.633
1337342245000 2.684
1337342305000 3.398
1337342365000 3.884
1337342425000 2.339
1337342485000 2.429
1337342545000 2.763
1337342605000 2.409
1337342665000 2.529
1337342725000 3.194
1337342785000 2.916
1337342845000 4.973
1337342905000 3.526
1337342965000 5.424
1337343025000 3.603
1337343085000 2.693
1337343145000 2.342
1337343205000 2.529
1337343265000 6.342
1337343325000 2.593
1337343385000 2.848
1337343445000 3.185
1337343505000 4.741
1337343565000 4.525
1337343625000 2.356
1337343685000 3.377
1337343745000 2.759
1337343805000 3.519
1337343865000 2.670
1337343925000 2.512
1337343985000 4.182
1337344045000 4.864
1337344105000 5.205
1337344165000 3.508
1337344225000 5.658
1337344285000 12.750
1337344345000 2.576
1337344405000 2.686
1337344465000 2.817
1337344525000 3.574
1337344585000 3.647
1337344645000 4.611
1337344705000 5.352
1337344765000 3.160
1337344825000 2.801
1337344885000 2.434
1337344945000 2.570
1337345005000 2.673
1337345065000 3.550
1337345125000 33.114
1337345185000 2.935
1337345245000 2.533
1337345305000 2.698
1337345365000 2.689
1337345425000 3.933
1337345485000 3.865
1337345545000 2.505
1337345605000 3.482
1337345665000 3.687
1337345725000 4.455
1337345785000 2.465
1337345845000 2.615
1337345905000 2.623
1337345965000 9.916
1337346025000 2.567
1337346085000 3.286
1337346145000 2.800
1337346205000 3.172
1337346265000 2.562
1337346325000 5.975
1337346385000 3.671
1337346445000 3.547
1337346505000 4.019
1337346565000 2.605
1337346625000 2.605
1337346685000 2.793
1337346745000 2.530
1337346805000 2.558
1337346865000 5.978
1337346925000 2.567
1337346985000 5.943
1337347045000 4.257
1337347105000 2.792
1337347165000 4.247
1337347225000 3.901
1337347285000 3.165
1337347345000 3.152
1337347405000 13.628
1337347465000 2.946
1337347525000 7.932
1337347585000 2.444
1337347645000 2.575
1337347705000 2.778
1337347765000 2.740
1337347825000 5.194
1337347885000 2.481
1337347945000 2.500
1337348005000 5.861
1337348065000 5.861
1337348125000 3.679
1337348185000 10.072
1337348245000 4.833
1337348305000 4.030
1337348365000 4.802
1337348485000 9.450
1337348545000 4.198
1337348605000 2.819
1337348665000 2.646
1337348725000 6.118
1337348785000 7.416
1337348845000 2.681
1337348905000 20.693
1337348965000 2.452
1337349025000 2.604
1337349085000 4.077
1337349145000 3.436
1337349205000 4.074
1337349265000 2.431
1337349325000 5.123
1337349385000 8.432
1337349445000 3.586
1337349505000 3.023
1337349565000 4.408
1337349625000 2.929
1337349685000 2.531
1337349745000 2.502
1337349805000 4.527
1337349865000 2.998
1337349925000 3.309
1337349985000 3.533
1337350045000 2.815
1337350105000 3.909
1337350165000 3.110
1337350225000 2.890
1337350285000 11.503
1337350345000 2.687
1337350405000 5.409
1337350465000 3.102
1337350525000 2.704
1337350585000 3.420
1337350645000 3.184
1337350705000 3.637
1337350765000 2.610
1337350825000 4.524
1337350885000 8.492
1337350945000 3.148
1337351005000 9.038
1337351065000 4.934
1337351125000 3.600
1337351185000 2.722
1337351245000 3.116
1337351305000 2.378
1337351365000 3.697
1337351425000 2.699
1337351485000 7.085
1337351545000 6.719
1337351605000 2.595
1337351665000 2.731
1337351725000 3.783
1337351785000 3.643
1337351845000 2.622
1337351905000 3.054
1337351965000 4.288
1337352025000 3.335
1337352085000 3.252
1337352145000 3.453
1337352205000 3.877
1337352265000 3.345
1337352325000 2.423
1337352385000 3.064
1337352445000 2.847
1337352505000 2.640
1337352565000 2.625
1337352625000 7.128
1337352685000 3.279
1337352745000 5.808
1337352805000 2.654
1337352865000 4.942
1337352925000 2.406
1337352985000 2.567
1337353045000 2.591
1337353105000 2.932
1337353165000 3.889
1337353225000 3.217
1337353285000 3.161
1337353345000 4.277
1337353405000 5.122
1337353465000 2.502
1337353525000 2.978
1337353585000 2.965
1337353645000 3.650
1337353705000 4.305
1337353765000 3.009
1337353825000 4.604
1337353885000 2.685
1337353945000 4.811
1337354005000 3.467
1337354065000 2.554
1337354125000 4.049
1337354185000 2.583
1337354245000 2.810
1337354305000 2.675
1337354365000 2.989
1337354425000 2.528
1337354485000 5.312
1337354545000 3.935
1337354605000 2.471
1337354665000 2.615
1337354725000 2.732
1337354785000 2.456
1337354845000 4.276
1337354905000 2.559
1337354965000 3.362
1337355025000 2.510
1337355085000 2.578
1337355145000 2.728
1337355205000 12.762
1337355265000 2.489
1337355325000 3.332
1337355385000 3.407
1337355445000 2.747
1337355505000 4.846
1337355565000 6.632
1337355625000 2.687
1337355685000 3.443
1337355745000 2.744
1337355805000 5.710
1337355865000 4.890
1337355925000 2.566
1337355985000 4.292
1337356045000 2.416
1337356105000 5.847
1337356165000 3.646
1337356225000 2.835
1337356285000 3.772
1337356345000 2.878
1337356405000 3.678
1337356465000 4.639
1337356525000 2.668
1337356585000 7.147
1337356645000 4.942
1337356705000 4.422
1337356765000 4.335
1337356825000 4.932
1337356885000 3.123
1337356945000 3.085
1337357005000 2.870
1337357065000 6.242
1337357125000 4.706
1337357185000 4.979
1337357245000 2.426
1337357305000 2.807
1337357365000 2.411
1337357425000 2.575
1337357485000 3.812
1337357545000 4.516
1337357605000 2.520
1337357665000 3.974
1337357725000 2.587
1337357785000 3.007
1337357845000 3.381
1337357905000 3.285
1337357965000 2.495
1337358025000 4.836
1337358085000 2.514
1337358145000 7.181
1337358205000 3.477
1337358265000 2.445
1337358325000 5.201
1337358385000 2.609
1337358445000 3.087
1337358505000 5.256
1337358565000 4.419
1337358625000 5.581
1337358685000 2.795
1337358745000 2.670
1337358805000 5.017
1337358865000 28.116
1337358925000 2.592
1337358985000 6.519
1337359045000 3.102
1337359105000 5.380
1337359165000 5.270
1337359225000 2.343
1337359285000 3.237
1337359345000 2.855
1337359405000 2.812
1337359465000 2.496
1337359525000 5.648
1337359585000 14.352
1337359645000 3.957
1337359705000 2.497
1337359765000 5.743
1337359825000 2.719
1337359885000 4.437
1337359945000 2.799
1337360005000 3.059
1337360065000 4.496
1337360125000 3.384
1337360185000 3.099
1337360245000 2.607
1337360305000 6.460
1337360365000 2.608
1337360425000 3.295
1337360485000 4.650
1337360545000 10.321
1337360605000 3.006
1337360665000 6.414
1337360725000 2.536
1337360785000 3.055
1337360845000 5.139
1337360905000 3.080
1337360965000 2.540
1337361025000 13.602
1337361085000 7.007
1337361145000 2.482
1337361205000 3.448
1337361265000 2.715
1337361325000 2.720
1337361385000 2.630
1337361445000 3.107
1337361505000 3.334
1337361565000 3.378
1337361625000 4.409
1337361685000 2.383
1337361745000 2.555
1337361805000 2.541
1337361865000 2.624
1337361925000 2.534
1337361985000 4.203
1337362045000 2.976
1337362105000 2.615
1337362165000 6.351
1337362225000 3.320
1337362285000 4.397
1337362345000 2.675
1337362405000 4.376
1337362465000 2.572
1337362525000 4.930
1337362585000 2.792
1337362645000 3.362
1337362705000 2.709
1337362765000 2.422
1337362825000 2.700
1337362885000 2.545
1337362945000 3.165
1337363005000 4.046
1337363065000 2.491
1337363125000 2.564
1337363185000 4.293
1337363245000 2.547
1337363305000 2.366
1337363365000 3.219
1337363425000 5.505
1337363485000 7.267
1337363545000 2.461
1337363605000 2.427
1337363665000 2.364
1337363725000 4.196
1337363785000 4.158
1337363845000 3.805
1337363905000 4.333
1337363965000 3.522
1337364025000 2.886
1337364085000 2.722
1337364145000 2.961
1337364205000 2.535
1337364265000 2.778
1337364325000 2.797
1337364385000 2.679
1337364445000 4.860
1337364505000 2.504
1337364565000 2.545
1337364625000 2.451
1337364685000 2.704
1337364745000 2.327
1337364805000 2.655
1337364865000 5.002
1337364925000 4.473
1337364985000 2.646
1337365045000 3.220
1337365105000 2.741
1337365165000 4.067
1337365225000 5.091
1337365285000 4.220
1337365345000 3.572
1337365405000 2.720
1337365465000 3.539
1337365525000 3.909
1337365585000 4.332
1337365645000 2.528
1337365705000 2.693
1337365765000 3.229
1337365825000 2.566
1337365885000 3.540
1337365945000 3.760
1337366005000 2.884
1337366065000 4.869
1337366125000 4.443
1337366185000 2.663
1337366245000 2.504
1337366305000 2.734
1337366365000 3.351
1337366425000 4.737
1337366485000 4.260
1337366545000 3.941
1337366605000 7.969
1337366665000 2.670
1337366725000 2.636
1337366785000 2.981
1337366845000 2.551
1337366905000 3.357
1337366965000 3.637
1337367025000 2.630
1337367085000 5.093
1337367145000 2.450
1337367205000 3.122
1337367265000 3.647
1337334737000 8.385
1337334738000 4.215
1337334739000 4.164
1337334740000 3.201
