1337331723032 1
1337331724033 2
1337331725034 3
1337331727037 4
1337331729039 5
1337331732040 6
1337331795249 1
1337331796250 2
1337331800254 3
1337331802257 4
1337331804260 5
1337331806262 6
1337331807263 7
1337331810267 8
1337331812269 9
1337331813270 10
1337331814271 11
1337331815273 12
1337331816274 13
1337331818276 14
1337331819277 15
1337331820280 16
1337331822282 17
1337331823283 18
1337331824284 19
1337331826286 20
1337331828288 21
1337331829289 22
1337331830290 23
1337331833293 24
1337331836296 25
1337331838298 26
1337331839299 27
1337331842302 28
1337331845305 29
1337331846306 30
1337331847310 31
1337331849312 32
1337331850312 33
1337331852314 34
1337331854316 35
1337331857320 36
1337331858320 37
1337331862324 38
1337331863325 39
1337331865327 40
1337331867330 41
1337331869332 42
1337331871335 43
1337331873337 44
1337331875339 45
1337331877342 46
1337331878343 47
1337331884350 48
1337331886355 49
1337331890360 50
1337331892362 51
1337331893363 52
1337331894365 53
1337331895366 54
1337331898370 55
1337331902375 56
1337331903376 57
1337331908378 58
1337331909379 59
1337331910380 60
1337331911381 61
1337331912381 62
1337331922594 1
1337331923595 2
1337331924596 3
1337331925598 4
1337331926598 5
1337331928601 6
1337331929604 7
1337331930605 8
1337331933608 9
1337331935609 10
1337331936610 11
1337331938612 12
1337331939613 13
1337331941627 14
1337331943630 15
1337331944631 16
1337331945632 17
1337331947635 18
1337331949637 19
1337331950638 20
1337331958670 21
1337331959671 22
1337331960672 23
1337331961674 24
1337331967680 25
1337331968682 26
1337331969683 27
1337331971685 28
1337331979695 29
1337331983698 30
1337331984700 31
1337331991707 32
1337331994710 33
1337331995711 34
1337331996713 35
1337332002719 36
1337332003720 37
1337332004721 38
1337332005722 39
1337332007724 40
1337332008725 41
1337332011729 42
1337332014732 43
1337332016734 44
1337332018737 45
1337332019739 46
1337332020740 47
1337332023742 48
1337332024744 49
1337332025745 50
1337332026745 51
1337332027746 52
1337332033755 53
1337332034756 54
1337332035757 55
1337332044910 1
1337332046911 2
1337332047912 3
1337332051917 4
1337332055923 5
1337332057925 6
1337332059928 7
1337332060929 8
1337332062931 9
1337332063932 10
1337332064933 11
1337332065935 12
1337332067935 13
1337332072941 14
1337332075945 15
1337332077947 16
1337332079950 17
1337332081952 18
1337332082953 19
1337332084955 20
1337332092962 21
1337332093964 22
1337332097967 23
1337332098968 24
1337332099969 25
1337332100970 26
1337332103974 27
1337332104974 28
1337332106977 29
1337332107978 30
1337332109980 31
1337332111983 32
1337332113985 33
1337332115987 34
1337332117989 35
1337332120993 36
1337332123996 37
1337332124997 38
1337332125998 39
1337332127000 40
1337332128001 41
1337332129002 42
1337332132005 43
1337332133006 44
1337332134007 45
1337332135009 46
1337332136011 47
1337332137012 48
1337332139014 49
1337332143019 50
1337332145021 51
1337332146023 52
1337332149026 53
1337332150027 54
1337332156032 55
1337332157034 56
1337332159036 57
1337332170197 1
1337332172199 2
1337332173200 3
1337332175203 4
1337332181212 5
1337332184216 6
1337332186218 7
1337332187219 8
1337332189221 9
1337332196229 10
1337332198231 11
1337332200233 12
1337332201235 13
1337332202236 14
1337332203237 15
1337332206240 16
1337332208241 17
1337332210243 18
1337332213247 19
1337332215248 20
1337332216249 21
1337332219252 22
1337332220253 23
1337332223257 24
1337332225260 25
1337332226260 26
1337332227261 27
1337332233267 28
1337332234268 29
1337332236270 30
1337332237271 31
1337332238272 32
1337332239274 33
1337332241276 34
1337332243277 35
1337332245278 36
1337332246280 37
1337332247281 38
1337332248282 39
1337332252287 40
1337332253288 41
1337332254289 42
1337332255290 43
1337332260295 44
1337332266302 45
1337332267303 46
1337332271307 47
1337332273311 48
1337332274312 49
1337332277315 50
1337332280319 51
1337332283322 52
1337332284322 53
1337332285323 54
