1337331205000 171.393
1337331265000 178.266
1337331325000 169.626
1337331385000 176.204
1337331445000 175.250
1337331505000 177.004
1337331565000 175.109
1337331625000 171.335
1337331685000 171.810
1337331745000 169.665
1337331805000 171.287
1337331865000 172.120
1337331925000 171.219
1337331985000 169.417
1337332045000 174.824
1337332105000 171.300
1337332165000 170.399
1337332225000 171.321
1337332285000 172.320
1337332345000 175.446
1337332405000 177.930
1337332465000 175.177
1337332525000 169.872
1337332585000 177.635
1337332645000 175.083
1337332705000 171.612
1337332765000 176.934
1337332825000 177.083
1337332885000 169.645
1337332945000 175.686
1337333005000 170.866
1337333065000 175.960
1337333125000 171.476
1337333185000 175.815
1337333245000 171.580
1337333305000 171.045
1337333365000 169.308
1337333425000 176.866
1337333485000 169.943
1337333545000 170.276
1337333605000 171.882
1337333665000 170.486
1337333725000 170.575
1337333785000 177.000
1337333845000 174.374
1337333905000 177.890
1337333965000 171.278
1337334025000 169.720
1337334085000 175.227
1337334145000 170.568
1337334205000 181.741
1337334265000 171.299
1337334325000 181.066
1337334385000 176.938
1337334445000 176.029
1337334505000 171.447
1337334565000 170.081
1337334625000 174.036
1337334685000 169.473
1337334745000 176.872
1337334805000 176.906
1337334865000 170.777
1337334925000 176.060
1337334985000 177.942
1337335045000 170.460
1337335105000 172.409
1337335165000 174.641
1337335225000 177.231
1337335285000 171.400
1337335345000 177.405
1337335405000 175.405
1337335465000 177.345
1337335525000 172.389
1337335585000 175.309
1337335645000 171.413
1337335705000 171.408
1337335765000 174.591
1337335825000 177.157
1337335885000 171.995
1337335945000 171.244
1337336005000 176.413
1337336065000 169.580
1337336125000 171.103
1337336185000 173.484
1337336245000 177.839
1337336305000 176.238
1337336365000 176.796
1337336425000 179.703
1337336485000 175.913
1337336545000 172.163
1337336605000 175.638
1337336665000 176.845
1337336725000 175.228
1337336785000 169.698
1337336845000 171.303
1337336905000 169.467
1337336965000 169.350
1337337025000 176.672
1337337085000 178.015
1337337145000 174.361
1337337205000 170.459
1337337265000 175.934
1337337325000 170.612
1337337385000 170.735
1337337445000 177.490
1337337505000 170.366
1337337565000 170.464
1337337625000 177.368
1337337685000 174.258
1337337745000 177.817
1337337805000 170.104
1337337865000 175.477
1337337925000 171.157
1337337985000 176.259
1337338045000 169.537
1337338105000 170.350
1337338165000 171.157
1337338225000 172.576
1337338285000 178.007
1337338345000 175.138
1337338405000 174.704
1337338465000 179.985
1337338525000 171.048
1337338585000 172.240
1337338645000 193.774
1337338705000 175.341
1337338765000 171.019
1337338825000 175.408
1337338885000 171.393
1337338945000 171.396
1337339005000 173.948
1337339065000 175.581
1337339125000 177.605
1337339185000 171.462
1337339245000 171.329
1337339305000 169.526
1337339365000 170.376
1337339425000 170.149
1337339485000 169.944
1337339545000 171.821
1337339605000 169.651
1337339665000 170.718
1337339725000 175.160
1337339785000 171.009
1337339845000 172.632
1337339905000 170.990
1337339965000 177.137
1337340025000 169.582
1337340085000 175.069
1337340145000 175.195
1337340205000 176.271
1337340265000 177.090
1337340325000 187.900
1337340385000 177.107
1337340445000 174.908
1337340505000 179.049
1337340565000 183.830
1337340625000 177.313
1337340685000 175.909
1337340745000 173.027
1337340805000 177.399
1337340865000 171.175
1337340925000 175.445
1337340985000 170.554
1337341045000 171.223
1337341105000 175.260
1337341165000 169.571
1337341225000 173.348
1337341285000 175.922
1337341345000 171.332
1337341405000 176.441
1337341465000 177.055
1337341525000 176.738
1337341585000 176.676
1337341645000 172.250
1337341705000 175.211
1337341765000 169.570
1337341825000 171.468
1337341885000 172.040
1337341945000 173.047
1337342005000 170.236
1337342065000 170.298
1337342125000 171.258
1337342185000 176.665
1337342245000 171.291
1337342305000 177.020
1337342365000 171.358
1337342425000 175.911
1337342485000 176.556
1337342545000 177.522
1337342605000 169.681
1337342665000 174.808
1337342725000 170.465
1337342785000 169.577
1337342845000 171.522
1337342905000 171.909
1337342965000 177.304
1337343025000 171.107
1337343085000 170.488
1337343145000 174.987
1337343205000 171.196
1337343265000 175.477
1337343325000 170.449
1337343385000 175.523
1337343445000 173.946
1337343505000 177.183
1337343565000 175.498
1337343625000 175.638
1337343685000 180.029
1337343745000 178.140
1337343805000 175.338
1337343865000 175.801
1337343925000 170.571
1337343985000 171.870
1337344045000 175.775
1337344105000 175.154
1337344165000 171.578
1337344225000 177.109
1337344285000 177.984
1337344345000 169.560
1337344405000 175.132
1337344465000 174.497
1337344525000 171.849
1337344585000 170.679
1337344645000 175.550
1337344705000 170.520
1337344765000 181.243
1337344825000 171.252
1337344885000 173.657
1337344945000 188.610
1337345005000 177.374
1337345065000 170.490
1337345125000 171.671
1337345185000 170.981
1337345245000 174.557
1337345305000 169.612
1337345365000 177.292
1337345425000 171.344
1337345485000 175.882
1337345545000 175.922
1337345605000 177.106
1337345665000 177.229
1337345725000 171.992
1337345785000 172.138
1337345845000 171.473
1337345905000 169.608
1337345965000 179.647
1337346025000 176.913
1337346085000 171.357
1337346145000 171.956
1337346205000 176.780
1337346265000 171.446
1337346325000 175.343
1337346385000 172.189
1337346445000 171.296
1337346505000 170.645
1337346565000 178.092
1337346625000 170.580
1337346685000 177.381
1337346745000 177.163
1337346805000 174.604
1337346865000 169.451
1337346925000 170.563
1337346985000 180.938
1337347045000 170.649
1337347105000 171.270
1337347165000 171.592
1337347225000 177.144
1337347285000 173.149
1337347345000 178.130
1337347405000 172.646
1337347465000 176.916
1337347525000 169.524
1337347585000 170.887
1337347645000 172.105
1337347705000 180.631
1337347765000 170.537
1337347825000 176.770
1337347885000 178.119
1337347945000 172.391
1337348005000 172.474
1337348065000 170.708
1337348125000 175.328
1337348185000 178.039
1337348245000 169.530
1337348305000 171.129
1337348365000 170.588
1337348425000 176.904
1337348485000 176.823
1337348545000 176.922
1337348605000 175.487
1337348665000 177.314
1337348725000 175.678
1337348785000 169.911
1337348845000 176.863
1337348905000 177.089
1337348965000 180.515
1337349025000 171.434
1337349085000 170.640
1337349145000 183.301
1337349205000 174.919
1337349265000 177.288
1337349325000 175.812
1337349385000 174.552
1337349445000 171.424
1337349505000 172.552
1337349565000 175.526
1337349625000 173.544
1337349685000 175.670
1337349745000 172.521
1337349805000 177.928
1337349865000 177.959
1337349925000 171.028
1337349985000 178.742
1337350045000 178.070
1337350105000 172.065
1337350165000 177.962
1337350225000 176.590
1337350285000 177.796
1337350345000 174.308
1337350405000 171.212
1337350465000 169.557
1337350525000 171.224
1337350585000 177.188
1337350645000 173.307
1337350705000 170.004
1337350765000 177.207
1337350825000 179.042
1337350885000 171.606
1337350945000 171.005
1337351005000 174.475
1337351065000 174.352
1337351125000 175.295
1337351185000 174.594
1337351245000 170.590
1337351305000 172.075
1337351365000 175.080
1337351425000 172.754
1337351485000 176.173
1337351545000 176.980
1337351605000 170.270
1337351665000 176.035
1337351725000 170.932
1337351785000 172.109
1337351845000 169.583
1337351905000 172.265
1337351965000 175.408
1337352025000 177.839
1337352085000 170.777
1337352145000 178.499
1337352205000 175.254
1337352265000 169.669
1337352325000 175.064
1337352385000 171.401
1337352445000 174.442
1337352505000 177.310
1337352565000 175.115
1337352625000 177.323
1337352685000 170.793
1337352745000 169.688
1337352805000 171.268
1337352865000 176.798
1337352925000 174.852
1337352985000 172.152
1337353045000 176.712
1337353105000 175.525
1337353165000 169.599
1337353225000 175.362
1337353285000 171.366
1337353345000 174.314
1337353405000 171.897
1337353465000 175.587
1337353525000 175.082
1337353585000 177.662
1337353645000 175.633
1337353705000 175.792
1337353765000 169.736
1337353825000 170.481
1337353885000 170.501
1337353945000 175.209
1337354005000 171.472
1337354065000 169.694
1337354125000 181.508
1337354185000 171.704
1337354245000 172.540
1337354305000 169.421
1337354365000 175.844
1337354425000 177.048
1337354485000 178.695
1337354545000 172.531
1337354605000 171.858
1337354665000 175.190
1337354725000 176.418
1337354785000 175.617
1337354845000 175.248
1337354905000 171.156
1337354965000 174.709
1337355025000 177.277
1337355085000 170.214
1337355145000 176.762
1337355205000 175.207
1337355265000 176.882
1337355325000 171.142
1337355385000 177.647
1337355445000 171.555
1337355505000 169.442
1337355565000 170.883
1337355625000 172.742
1337355685000 170.962
1337355745000 169.426
1337355805000 177.311
1337355865000 175.994
1337355925000 170.661
1337355985000 170.652
1337356045000 176.670
1337356105000 172.707
1337356165000 172.776
1337356225000 172.572
1337356285000 169.535
1337356345000 170.693
1337356405000 179.233
1337356465000 173.000
1337356525000 177.744
1337356585000 177.121
1337356645000 175.272
1337356705000 176.865
1337356765000 171.291
1337356825000 174.210
1337356885000 170.699
1337356945000 171.377
1337357005000 175.215
1337357065000 172.222
1337357125000 173.306
1337357185000 175.124
1337357245000 170.339
1337357305000 169.856
1337357365000 174.796
1337357425000 171.167
1337357485000 170.383
1337357545000 179.126
1337357605000 170.643
1337357665000 172.414
1337357725000 176.141
1337357785000 171.735
1337357845000 171.115
1337357905000 175.236
1337357965000 171.302
1337358025000 180.425
1337358085000 175.524
1337358145000 169.745
1337358205000 176.886
1337358265000 169.658
1337358325000 171.758
1337358385000 176.177
1337358445000 171.966
1337358505000 181.797
1337358565000 171.324
1337358625000 169.767
1337358685000 176.816
1337358745000 171.403
1337358805000 179.324
1337358865000 171.260
1337358925000 171.253
1337358985000 169.428
1337359045000 177.138
1337359105000 188.272
1337359165000 177.418
1337359225000 177.859
1337359285000 171.245
1337359345000 171.521
1337359405000 175.052
1337359465000 174.730
1337359525000 174.536
1337359585000 171.318
1337359645000 169.983
1337359705000 176.760
1337359765000 171.152
1337359825000 177.852
1337359885000 187.164
1337359945000 170.181
1337360005000 175.564
1337360065000 176.861
1337360125000 177.081
1337360185000 170.971
1337360245000 175.249
1337360305000 169.433
1337360365000 174.793
1337360425000 176.911
1337360485000 177.170
1337360545000 174.192
1337360605000 171.321
1337360665000 170.572
1337360725000 171.520
1337360785000 171.611
1337360845000 178.509
1337360905000 173.837
1337360965000 171.174
1337361025000 182.035
1337361085000 179.282
1337361145000 174.991
1337361205000 172.257
1337361265000 172.065
1337361325000 174.568
1337361385000 179.274
1337361445000 177.657
1337361505000 173.330
1337361565000 171.234
1337361625000 180.727
1337361685000 175.421
1337361745000 176.148
1337361805000 170.381
1337361865000 178.783
1337361925000 172.965
1337361985000 175.018
1337362045000 171.098
1337362105000 174.903
1337362165000 172.003
1337362225000 174.915
1337362285000 169.436
1337362345000 171.684
1337362405000 171.438
1337362465000 178.090
1337362525000 171.292
1337362585000 177.656
1337362645000 171.033
1337362705000 178.710
1337362765000 178.867
1337362825000 177.277
1337362885000 175.114
1337362945000 177.957
1337363005000 172.360
1337363065000 170.771
1337363125000 175.050
1337363185000 175.314
1337363245000 176.717
1337363305000 177.713
1337363365000 177.093
1337363425000 176.919
1337363485000 171.301
1337363545000 174.908
1337363605000 176.591
1337363665000 173.603
1337363725000 175.051
1337363785000 177.046
1337363845000 169.580
1337363905000 171.625
1337363965000 177.970
1337364025000 170.911
1337364085000 174.303
1337364145000 176.769
1337364205000 182.414
1337364265000 170.544
1337364325000 175.053
1337364385000 177.723
1337364445000 177.950
1337364505000 176.188
1337364565000 170.997
1337364625000 175.168
1337364685000 176.078
1337364745000 176.971
1337364805000 177.616
1337364865000 174.981
1337364925000 170.567
1337364985000 177.931
1337365045000 170.737
1337365105000 175.883
1337365165000 169.834
1337365225000 175.188
1337365285000 187.172
1337365345000 171.890
1337365405000 169.606
1337365465000 178.265
1337365525000 170.807
1337365585000 170.675
1337365645000 178.603
1337365705000 170.121
1337365765000 175.293
1337365825000 175.514
1337365885000 171.855
1337365945000 177.179
1337366005000 172.985
1337366065000 172.815
1337366125000 172.747
1337366185000 176.697
1337366245000 171.168
1337366305000 169.777
1337366365000 171.340
1337366425000 171.601
1337366485000 171.385
1337366545000 171.241
1337366605000 170.866
1337366665000 170.654
1337366725000 172.124
1337366785000 176.823
1337366845000 170.235
1337366905000 171.424
1337366965000 176.397
1337367025000 176.882
1337367085000 177.585
1337367145000 171.172
1337367205000 171.194
1337367265000 176.922
1337334737000 169.771
1337334738000 175.598
1337334739000 174.762
1337334740000 173.680
